{"nbformat":4,"nbformat_minor":0,"metadata":{"colab":{"name":"MatrizInv.ipynb","provenance":[],"authorship_tag":"ABX9TyOcwcoFRv0vppBc0F8v0nu/"},"kernelspec":{"name":"python3","display_name":"Python 3"},"language_info":{"name":"python"}},"cells":[{"cell_type":"code","metadata":{"id":"Nmslp1iBYrjz","executionInfo":{"status":"ok","timestamp":1655929604551,"user_tz":180,"elapsed":9,"user":{"displayName":"Christian James De Castro Bussmann","userId":"10402456861971861257"}}},"source":["#Para essa atividade usar o array ao invés da matrix\n","import numpy as np\n","from numpy.linalg import det, inv"],"execution_count":1,"outputs":[]},{"cell_type":"code","metadata":{"id":"ed6Lsp6WhCjW","executionInfo":{"status":"ok","timestamp":1655929627259,"user_tz":180,"elapsed":386,"user":{"displayName":"Christian James De Castro Bussmann","userId":"10402456861971861257"}}},"source":["np.array?"],"execution_count":2,"outputs":[]},{"cell_type":"code","metadata":{"id":"Vu2VKgmyY_y5","executionInfo":{"status":"ok","timestamp":1655929651544,"user_tz":180,"elapsed":309,"user":{"displayName":"Christian James De Castro Bussmann","userId":"10402456861971861257"}}},"source":["A = np.array ([[1,2,3], [4,5,6], [7,8,9]])"],"execution_count":3,"outputs":[]},{"cell_type":"code","metadata":{"id":"enMHfnA1hqsD","executionInfo":{"status":"ok","timestamp":1655929655322,"user_tz":180,"elapsed":317,"user":{"displayName":"Christian James De Castro Bussmann","userId":"10402456861971861257"}}},"source":["B = np.array ([[14,7,75], [28,4,88], [10,6,19]])"],"execution_count":4,"outputs":[]},{"cell_type":"code","metadata":{"id":"MCSrfJM_ZeO0","executionInfo":{"status":"ok","timestamp":1655929658298,"user_tz":180,"elapsed":318,"user":{"displayName":"Christian James De Castro Bussmann","userId":"10402456861971861257"}}},"source":["C = np.array([[3,7,9],[2,1,4],[-2,4,-5]])"],"execution_count":5,"outputs":[]},{"cell_type":"code","metadata":{"colab":{"base_uri":"https://localhost:8080/"},"id":"hy-pJ-N5Zp39","executionInfo":{"status":"ok","timestamp":1633136764737,"user_tz":180,"elapsed":331,"user":{"displayName":"Christian James De Castro Bussmann","photoUrl":"https://lh3.googleusercontent.com/a-/AOh14GhPCrnc4gBRozq65giNyNI9EWluXXDVb5fc9pXucQ=s64","userId":"10402456861971861257"}},"outputId":"26b6080a-31ee-4e52-af97-af354ca39bcf"},"source":["#Matriz Inversa\n","det(A)"],"execution_count":null,"outputs":[{"output_type":"execute_result","data":{"text/plain":["0.0"]},"metadata":{},"execution_count":39}]},{"cell_type":"code","metadata":{"id":"Q_DlGHX4dHBf"},"source":[""],"execution_count":null,"outputs":[]},{"cell_type":"code","metadata":{"colab":{"base_uri":"https://localhost:8080/"},"id":"wbSzvDC8aCh1","executionInfo":{"status":"ok","timestamp":1633136767406,"user_tz":180,"elapsed":325,"user":{"displayName":"Christian James De Castro Bussmann","photoUrl":"https://lh3.googleusercontent.com/a-/AOh14GhPCrnc4gBRozq65giNyNI9EWluXXDVb5fc9pXucQ=s64","userId":"10402456861971861257"}},"outputId":"76a07527-a3f6-4008-c90e-402941592674"},"source":["det(B)"],"execution_count":null,"outputs":[{"output_type":"execute_result","data":{"text/plain":["5707.999999999991"]},"metadata":{},"execution_count":40}]},{"cell_type":"code","metadata":{"colab":{"base_uri":"https://localhost:8080/"},"id":"VCabNkQhdNeg","executionInfo":{"status":"ok","timestamp":1633136768985,"user_tz":180,"elapsed":7,"user":{"displayName":"Christian James De Castro Bussmann","photoUrl":"https://lh3.googleusercontent.com/a-/AOh14GhPCrnc4gBRozq65giNyNI9EWluXXDVb5fc9pXucQ=s64","userId":"10402456861971861257"}},"outputId":"0ff2e340-fb14-4d52-b261-79e95a36d0c4"},"source":["det(C)"],"execution_count":null,"outputs":[{"output_type":"execute_result","data":{"text/plain":["40.99999999999997"]},"metadata":{},"execution_count":41}]},{"cell_type":"code","metadata":{"id":"CvKl_RaYaHzl","executionInfo":{"status":"ok","timestamp":1655929692658,"user_tz":180,"elapsed":319,"user":{"displayName":"Christian James De Castro Bussmann","userId":"10402456861971861257"}}},"source":["Inv_B = inv(B)"],"execution_count":9,"outputs":[]},{"cell_type":"code","metadata":{"id":"UcqBt8HbdJcc","executionInfo":{"status":"ok","timestamp":1655929669408,"user_tz":180,"elapsed":302,"user":{"displayName":"Christian James De Castro Bussmann","userId":"10402456861971861257"}}},"source":["Inv_C = inv(C)"],"execution_count":7,"outputs":[]},{"cell_type":"code","metadata":{"id":"E1jjtZdkdMJy"},"source":[""],"execution_count":null,"outputs":[]},{"cell_type":"code","metadata":{"colab":{"base_uri":"https://localhost:8080/"},"id":"RAZeLFg6aMlM","executionInfo":{"status":"ok","timestamp":1655929672920,"user_tz":180,"elapsed":323,"user":{"displayName":"Christian James De Castro Bussmann","userId":"10402456861971861257"}},"outputId":"7c04acf9-c54f-48eb-bf53-8d10d80f03b8"},"source":["Inv_B"],"execution_count":8,"outputs":[{"output_type":"execute_result","data":{"text/plain":["array([[-0.07918711,  0.05553609,  0.0553609 ],\n","       [ 0.06096706, -0.08479327,  0.15206727],\n","       [ 0.02242467, -0.0024527 , -0.02452698]])"]},"metadata":{},"execution_count":8}]},{"cell_type":"code","metadata":{"colab":{"base_uri":"https://localhost:8080/"},"id":"UI_xjDE_dZjH","executionInfo":{"status":"ok","timestamp":1633136776023,"user_tz":180,"elapsed":12,"user":{"displayName":"Christian James De Castro Bussmann","photoUrl":"https://lh3.googleusercontent.com/a-/AOh14GhPCrnc4gBRozq65giNyNI9EWluXXDVb5fc9pXucQ=s64","userId":"10402456861971861257"}},"outputId":"2ec00ae6-93bd-4b84-831e-a23af26a160b"},"source":["Inv_C"],"execution_count":null,"outputs":[{"output_type":"execute_result","data":{"text/plain":["array([[-0.51219512,  1.73170732,  0.46341463],\n","       [ 0.04878049,  0.07317073,  0.14634146],\n","       [ 0.24390244, -0.63414634, -0.26829268]])"]},"metadata":{},"execution_count":45}]},{"cell_type":"code","metadata":{"id":"wgS_hmJwaPEl"},"source":["D = B.dot(Inv_B)"],"execution_count":null,"outputs":[]},{"cell_type":"code","metadata":{"colab":{"base_uri":"https://localhost:8080/"},"id":"0eBb2HJPabt9","executionInfo":{"status":"ok","timestamp":1633136779646,"user_tz":180,"elapsed":9,"user":{"displayName":"Christian James De Castro Bussmann","photoUrl":"https://lh3.googleusercontent.com/a-/AOh14GhPCrnc4gBRozq65giNyNI9EWluXXDVb5fc9pXucQ=s64","userId":"10402456861971861257"}},"outputId":"90961ad1-bdb0-4ef9-8f19-f8629723d155"},"source":["D"],"execution_count":null,"outputs":[{"output_type":"execute_result","data":{"text/plain":["array([[ 1.00000000e+00, -5.63785130e-18,  6.59194921e-17],\n","       [-1.11022302e-16,  1.00000000e+00,  8.32667268e-17],\n","       [-1.38777878e-17, -2.99239800e-17,  1.00000000e+00]])"]},"metadata":{},"execution_count":47}]},{"cell_type":"code","metadata":{"id":"2QffQjowacu9"},"source":["E = C.dot(Inv_C)"],"execution_count":null,"outputs":[]},{"cell_type":"code","metadata":{"colab":{"base_uri":"https://localhost:8080/"},"id":"pm31P-eBdrcv","executionInfo":{"status":"ok","timestamp":1633136783543,"user_tz":180,"elapsed":12,"user":{"displayName":"Christian James De Castro Bussmann","photoUrl":"https://lh3.googleusercontent.com/a-/AOh14GhPCrnc4gBRozq65giNyNI9EWluXXDVb5fc9pXucQ=s64","userId":"10402456861971861257"}},"outputId":"4e461df4-3395-4b5e-aa39-977ea89ff9f4"},"source":["E"],"execution_count":null,"outputs":[{"output_type":"execute_result","data":{"text/plain":["array([[ 1.00000000e+00, -4.44089210e-16,  2.22044605e-16],\n","       [ 0.00000000e+00,  1.00000000e+00,  0.00000000e+00],\n","       [-5.55111512e-17,  4.44089210e-16,  1.00000000e+00]])"]},"metadata":{},"execution_count":49}]},{"cell_type":"markdown","metadata":{"id":"8ZPl_pMEcBvb"},"source":["## Propriedades das Matrizes Inversas"]},{"cell_type":"code","metadata":{"colab":{"base_uri":"https://localhost:8080/"},"id":"cqYMhuZXcHMk","executionInfo":{"status":"ok","timestamp":1633136786008,"user_tz":180,"elapsed":334,"user":{"displayName":"Christian James De Castro Bussmann","photoUrl":"https://lh3.googleusercontent.com/a-/AOh14GhPCrnc4gBRozq65giNyNI9EWluXXDVb5fc9pXucQ=s64","userId":"10402456861971861257"}},"outputId":"2016b554-b524-4bcc-cf58-4960b057d93f"},"source":["# caso possua inversa A então existe a inversa da inversa.\n","inv(Inv_B)"],"execution_count":null,"outputs":[{"output_type":"execute_result","data":{"text/plain":["array([[14.,  7., 75.],\n","       [28.,  4., 88.],\n","       [10.,  6., 19.]])"]},"metadata":{},"execution_count":50}]},{"cell_type":"code","metadata":{"colab":{"base_uri":"https://localhost:8080/"},"id":"Mri9rAeWccJV","executionInfo":{"status":"ok","timestamp":1633136789399,"user_tz":180,"elapsed":324,"user":{"displayName":"Christian James De Castro Bussmann","photoUrl":"https://lh3.googleusercontent.com/a-/AOh14GhPCrnc4gBRozq65giNyNI9EWluXXDVb5fc9pXucQ=s64","userId":"10402456861971861257"}},"outputId":"ba6aef5f-5f90-4fe1-8326-9ecc0a22bc7c"},"source":["B.dot(C)"],"execution_count":null,"outputs":[{"output_type":"execute_result","data":{"text/plain":["array([[ -94,  405, -221],\n","       [ -84,  552, -172],\n","       [   4,  152,   19]])"]},"metadata":{},"execution_count":51}]},{"cell_type":"code","metadata":{"colab":{"base_uri":"https://localhost:8080/"},"id":"w0dsfPuBckdE","executionInfo":{"status":"ok","timestamp":1633136792263,"user_tz":180,"elapsed":566,"user":{"displayName":"Christian James De Castro Bussmann","photoUrl":"https://lh3.googleusercontent.com/a-/AOh14GhPCrnc4gBRozq65giNyNI9EWluXXDVb5fc9pXucQ=s64","userId":"10402456861971861257"}},"outputId":"5d6b22c8-421b-4b86-e949-7742b8f06977"},"source":["inv(Inv_C)"],"execution_count":null,"outputs":[{"output_type":"execute_result","data":{"text/plain":["array([[ 3.,  7.,  9.],\n","       [ 2.,  1.,  4.],\n","       [-2.,  4., -5.]])"]},"metadata":{},"execution_count":52}]},{"cell_type":"code","metadata":{"id":"12bxIHbcdzIl"},"source":["#Caso A e B possuirem inversas, então AB também possui inversa (A.B)^-1 = (B)^-1 * (A)^-1\n","np.matrix?"],"execution_count":null,"outputs":[]},{"cell_type":"code","metadata":{"colab":{"base_uri":"https://localhost:8080/"},"id":"ApJ0UED3fA4i","executionInfo":{"status":"ok","timestamp":1633135959604,"user_tz":180,"elapsed":329,"user":{"displayName":"Christian James De Castro Bussmann","photoUrl":"https://lh3.googleusercontent.com/a-/AOh14GhPCrnc4gBRozq65giNyNI9EWluXXDVb5fc9pXucQ=s64","userId":"10402456861971861257"}},"outputId":"09d1a476-3db2-4900-fad8-a875e5f8cf63"},"source":["np.matrix_equal?"],"execution_count":null,"outputs":[{"output_type":"stream","name":"stdout","text":["Object `np.matrix_equal` not found.\n"]}]},{"cell_type":"code","metadata":{"colab":{"base_uri":"https://localhost:8080/"},"id":"1SXdOHaafHXd","executionInfo":{"status":"ok","timestamp":1633136968232,"user_tz":180,"elapsed":379,"user":{"displayName":"Christian James De Castro Bussmann","photoUrl":"https://lh3.googleusercontent.com/a-/AOh14GhPCrnc4gBRozq65giNyNI9EWluXXDVb5fc9pXucQ=s64","userId":"10402456861971861257"}},"outputId":"76f05094-5266-4d0f-e4d9-7ed16f296b63"},"source":["np.array_equal(inv(B.dot(C)), inv(C).dot(inv(B)))"],"execution_count":null,"outputs":[{"output_type":"execute_result","data":{"text/plain":["False"]},"metadata":{},"execution_count":56}]},{"cell_type":"code","metadata":{"colab":{"base_uri":"https://localhost:8080/"},"id":"23rZQlYmfxQ2","executionInfo":{"status":"ok","timestamp":1633137018431,"user_tz":180,"elapsed":568,"user":{"displayName":"Christian James De Castro Bussmann","photoUrl":"https://lh3.googleusercontent.com/a-/AOh14GhPCrnc4gBRozq65giNyNI9EWluXXDVb5fc9pXucQ=s64","userId":"10402456861971861257"}},"outputId":"02df8b44-f5d1-4087-d786-627f3f6d06ea"},"source":["inv(B.dot(C))"],"execution_count":null,"outputs":[{"output_type":"execute_result","data":{"text/plain":["array([[ 0.15652828, -0.17641906,  0.22361427],\n","       [ 0.00387988, -0.00385424,  0.01023809],\n","       [-0.06399234,  0.06797477, -0.07634984]])"]},"metadata":{},"execution_count":58}]},{"cell_type":"code","metadata":{"colab":{"base_uri":"https://localhost:8080/"},"id":"8XwIfEetjOl0","executionInfo":{"status":"ok","timestamp":1633137038292,"user_tz":180,"elapsed":374,"user":{"displayName":"Christian James De Castro Bussmann","photoUrl":"https://lh3.googleusercontent.com/a-/AOh14GhPCrnc4gBRozq65giNyNI9EWluXXDVb5fc9pXucQ=s64","userId":"10402456861971861257"}},"outputId":"35e468f3-1127-4507-da08-c4fc0977dcbe"},"source":["inv(C).dot(inv(B))"],"execution_count":null,"outputs":[{"output_type":"execute_result","data":{"text/plain":["array([[ 0.15652828, -0.17641906,  0.22361427],\n","       [ 0.00387988, -0.00385424,  0.01023809],\n","       [-0.06399234,  0.06797477, -0.07634984]])"]},"metadata":{},"execution_count":60}]},{"cell_type":"code","metadata":{"id":"MZ4KzIXEjXfD"},"source":["#o comando np.array_equal remete a termos exatamente iguais, que não é o caso\n","#pois temos erros envolvendo o arredondamento"],"execution_count":null,"outputs":[]},{"cell_type":"code","metadata":{"id":"p4adsMalj5kD"},"source":["#A inversa de A.T é igual inversa (A).T"],"execution_count":null,"outputs":[]},{"cell_type":"code","metadata":{"colab":{"base_uri":"https://localhost:8080/"},"id":"9lh9-Iq4kS4c","executionInfo":{"status":"ok","timestamp":1633137299664,"user_tz":180,"elapsed":330,"user":{"displayName":"Christian James De Castro Bussmann","photoUrl":"https://lh3.googleusercontent.com/a-/AOh14GhPCrnc4gBRozq65giNyNI9EWluXXDVb5fc9pXucQ=s64","userId":"10402456861971861257"}},"outputId":"1de8a073-5c9f-4737-d3e6-c3033c1b1965"},"source":["inv(B.T)"],"execution_count":null,"outputs":[{"output_type":"execute_result","data":{"text/plain":["array([[-0.07918711,  0.06096706,  0.02242467],\n","       [ 0.05553609, -0.08479327, -0.0024527 ],\n","       [ 0.0553609 ,  0.15206727, -0.02452698]])"]},"metadata":{},"execution_count":64}]},{"cell_type":"code","metadata":{"colab":{"base_uri":"https://localhost:8080/"},"id":"qpzs3YmXkVWU","executionInfo":{"status":"ok","timestamp":1633137323033,"user_tz":180,"elapsed":334,"user":{"displayName":"Christian James De Castro Bussmann","photoUrl":"https://lh3.googleusercontent.com/a-/AOh14GhPCrnc4gBRozq65giNyNI9EWluXXDVb5fc9pXucQ=s64","userId":"10402456861971861257"}},"outputId":"9f7ae9a2-a032-4243-e01d-277e67c8aa29"},"source":["Inv_B.T"],"execution_count":null,"outputs":[{"output_type":"execute_result","data":{"text/plain":["array([[-0.07918711,  0.06096706,  0.02242467],\n","       [ 0.05553609, -0.08479327, -0.0024527 ],\n","       [ 0.0553609 ,  0.15206727, -0.02452698]])"]},"metadata":{},"execution_count":65}]},{"cell_type":"code","metadata":{"id":"uvqBjIQHkej7"},"source":[""],"execution_count":null,"outputs":[]}]}